drug:tissue_type	spearman p-value	spearman corr val	adjusted spearman p-value	pearson p-value	pearson corr val	adjusted pearson p-value
Olaparaib_BILIARY	0.9827917689028476	0.006993006993006993	0.9827917689028476	0.904548289823908	0.03886489319916192	0.904548289823908
Olaparaib_BONE_AND_SOFT_TISSUE	0.5476805847029371	-0.15686274509803924	0.781612600411319	0.5046081811767338	-0.1738353490837921	0.7569122717651007
Olaparaib_BREAST	0.3886524742646328	-0.1662766363148134	0.781612600411319	0.7713058200574519	-0.05641407379268854	0.8414245309717657
Olaparaib_CENTRAL_NERVOUS_SYSTEM	0.6513438336760992	0.08305069243803483	0.781612600411319	0.6621559228416539	0.08031081272408475	0.7945871074099846
Olaparaib_DLBC	0.6337121100027221	-0.09414340448823208	0.781612600411319	0.3233256507306085	-0.19370345320626609	0.7321890212708071
Olaparaib_LARGE_INTESTINE	0.9715689358029987	-0.008771929824561405	0.9827917689028476	0.5751987445008945	0.13727547774543014	0.766931659334526
Olaparaib_LCLL	0.5207621718217545	-0.10598775239867146	0.781612600411319	0.07182228732606519	-0.29145743397293855	0.691203518655466
Olaparaib_LUNG	0.40587217579143886	-0.09077142983395335	0.781612600411319	0.5041406202951477	-0.07300316131745398	0.7569122717651007
Olaparaib_MM	0.470531995381542	-0.23076923076923078	0.781612600411319	0.1728008796638665	-0.42109989124748776	0.691203518655466
Olaparaib_OESOPHAGUS	0.3277893068411727	-0.2714285714285714	0.781612600411319	0.31746345017557454	-0.2770535108435935	0.7321890212708071
Olaparaib_OVARY	0.2160289253419548	0.33928571428571425	0.781612600411319	0.15714663294791786	0.3844157971173628	0.691203518655466
Olaparaib_SKIN	0.11634464918754708	0.362406015037594	0.781612600411319	0.36609451063540355	0.21350169401367022	0.7321890212708071
